2107 2240 0
3735 2558 1
2472 1492 2
3034 390 3
1795 985 4
3276 2255 5
927 449 6
1775 505 7
3578 1500 8
3318 1564 9
3695 189 10
3602 2437 11
3088 1378 12
697 1045 13
73 1998 14
3176 2223 15
1823 2120 16
4406 2080 17
255 934 18
255 1629 19
4135 526 20
1363 8 21
678 1769 22
1484 369 23
608 582 24
794 1126 25
3038 1086 26
567 1011 27
1627 847 28
3468 2091 29
3944 1525 30
2282 819 31
4194 2256 32
1199 1281 33
3558 2130 34
360 287 35
3399 292 36
4271 1656 37
2968 89 38
4268 193 39
3459 714 40
3382 1878 41
3575 1335 42
1039 981 43
83 2151 44
2144 1709 45
38 1514 46
224 1087 47
2484 2089 48
761 1820 49
