156.34251929005327 78.64703024880983 0
32.86083317297691 110.8299024499453 1
103.39093034519635 131.3312781393667 2
146.3944121501196 28.41207260066888 3
37.596201118976666 166.83801106004444 4
71.65434235602689 30.34262283938746 5
171.30965916767173 66.62411579155234 6
84.23143127201737 3.8464334410389682 7
154.14085066334803 91.2014673147193 8
138.37576712380678 164.73500366847455 9
188.5948391055652 95.3092069630377 10
40.704232882254956 157.95107570670177 11
70.47869519301008 81.38144499808801 12
173.925334885847 39.616339265073904 13
44.160322731507065 45.87384516632645 14
162.25765340856265 159.09126843448263 15
132.86064646495583 140.81477364855908 16
89.56756505090436 85.32164407304583 17
131.1196974277334 89.98782345365527 18
56.96136814566653 68.1774677300773 19
