83.22748509948299 128.55051987562433 0
88.9099213911445 68.20740051355004 1
120.5375703968499 54.46856506639872 2
71.46373586153695 34.4460591306305 3
21.316808269657884 42.85345193336529 4
41.95662867964282 167.34619245539517 5
186.63391269695535 58.5045899598304 6
122.92106635679016 39.84621858478722 7
165.11472579322873 98.49235519787302 8
158.76610007314446 162.08838040899877 9
143.07518457462314 57.69854927438436 10
189.47142824230394 84.24736091004732 11
45.971338771374185 152.85719232727848 12
55.177680537036714 153.68689821070092 13
98.8275879928676 125.51563170622356 14
138.32038164538056 147.896333614235 15
37.18056488229645 41.80073355152895 16
128.63637386225187 26.538147223233196 17
139.68200448504712 123.7748069397366 18
47.10213696336427 166.23535559438244 19
182.9160171992392 99.46176420413768 20
112.65644866453358 89.98708682617796 21
180.92604041835807 131.6008418905132 22
100.70531940008132 46.09704776411683 23
93.29215960855245 30.188358982579274 24
99.86437052325131 167.4600037729066 25
65.35297153276741 166.71720783167086 26
101.58073998530817 56.37033671842696 27
67.42289975616734 82.6712032762433 28
75.7919085271183 111.90256383927745 29
92.06629422422287 103.92185811120888 30
154.36266901195285 177.03674893577016 31
97.53554816807893 131.32443692073838 32
30.055363031631856 155.88609051860658 33
177.01239194445964 127.1554349499823 34
151.03772342065872 139.52775468857234 35
97.15186963202102 158.27116971364066 36
194.03415174061766 125.0254473573254 37
130.14968912995508 136.18353391219094 38
171.17650911211288 44.312839836439366 39
160.6797366002449 115.8700943035252 40
165.21033032937837 44.371735500050406 41
124.44566422255315 191.14523168639784 42
72.96307949503378 44.75524594484387 43
108.47462538130421 100.1547815149465 44
151.3683263626593 104.40758184420203 45
102.41447984162392 190.56393082308625 46
119.80572910000528 76.44714962739565 47
105.92282258278644 100.29354068102872 48
137.56564805246455 149.45664452782358 49
194.27079794043726 78.2678883057081 50
152.56524919516104 47.42549413279448 51
90.60359785537521 26.75622531592704 52
67.64108709758193 155.68669954914623 53
110.12319127675303 91.25179525071856 54
145.99877340106835 47.613405225016116 55
194.38902240653573 107.89302266556172 56
125.53643750980005 139.59906024253667 57
174.63778010258997 107.71872890280419 58
45.61400158373198 165.4974167907351 59
69.19862269409515 16.32890663485358 60
122.65761905247632 47.29090744887149 61
133.02001085528556 59.32916639273761 62
161.01207950488205 139.42680749979198 63
153.09335485927002 91.59551289276003 64
65.59029750606877 173.67441909473018 65
123.15418848165078 83.74468965760079 66
77.98774841291566 147.21884330743183 67
65.79460830470987 92.32178269808229 68
79.97155345248177 29.049259417359664 69
76.6221836223147 130.33888427362737 70
33.399806294793734 48.85289332570185 71
155.18168346160343 175.97748125833903 72
145.27090028168809 138.87168266296138 73
82.87092002028074 142.4779015041144 74
100.18514324313766 16.279248037929136 75
93.64859013174487 84.36332196830227 76
190.70418045007474 68.48455410808647 77
125.21518717694649 103.98807234166372 78
125.0662054764947 144.2409413402058 79
133.4411116673321 120.84518961104204 80
92.03317275943064 141.96754412462104 81
31.199223534564453 92.91186427395 82
142.72996928813677 76.62927173170792 83
38.84271728523716 27.535687202985073 84
113.35562911956373 125.05850568413612 85
187.70555460151462 133.55656815285894 86
124.12841610155868 12.652662434367642 87
56.98057162000705 18.170788045479497 88
130.22604746435516 20.077409966414976 89
90.5976660333815 103.33107845179852 90
164.7618507744306 87.4194600847834 91
66.09576249747683 133.29001896664187 92
166.33168849321902 59.78489861644085 93
62.24533346515927 161.95547348973736 94
138.565777354354 78.34065589405026 95
171.041605343228 156.69399658329607 96
177.51473993826778 125.61226152194006 97
176.25987337901122 152.11937710812182 98
112.9556534660078 42.79500150091433 99
